#$\Delta r$ $\Delta r$ LOW $\Delta r$ HIGH $P(\Delta r)$ stat + stat - sys + sys -
0.025 0 0.05 952.8 2.4 -2.4 44.4 -44.4
0.07500000000000001 0.05 0.1 399.29 0.98 -0.98 12.27 -12.27
0.125 0.1 0.15 175.56 0.51 -0.51 5.03 -5.03
0.175 0.15 0.2 89.54 0.31 -0.31 2.53 -2.53
0.225 0.2 0.25 55.6 0.22 -0.22 1.58 -1.58
0.275 0.25 0.3 36.01 0.17 -0.17 1.05 -1.05
0.32499999999999996 0.3 0.35 23.85 0.11 -0.11 0.71 -0.71
0.375 0.35 0.4 16.696 0.089 -0.089 0.508 -0.508
0.42500000000000004 0.4 0.45 11.59 0.07 -0.07 0.344 -0.344
0.475 0.45 0.5 11.056 0.069 -0.069 0.323 -0.323
0.55 0.5 0.6 8.468 0.018 -0.018 0.248 -0.248
0.6499999999999999 0.6 0.7 6.294 0.017 -0.017 0.191 -0.191
0.75 0.7 0.8 4.627 0.016 -0.016 0.155 -0.155
0.9 0.8 1 3.288 0.011 -0.011 0.137 -0.137
