#$\Delta r$ $\Delta r$ LOW $\Delta r$ HIGH $P(\Delta r)$ stat + stat - sys + sys -
0.025 0 0.05 1003 21 -21 43 -43
0.07500000000000001 0.05 0.1 397.5 6.0 -6.0 13.3 -13.3
0.125 0.1 0.15 167.74 0.89 -0.89 4.38 -4.38
0.175 0.15 0.2 88.15 0.51 -0.51 2.28 -2.28
0.225 0.2 0.25 57.97 0.4 -0.4 1.53 -1.53
0.275 0.25 0.3 40.74 0.35 -0.35 1.12 -1.12
0.32499999999999996 0.3 0.35 28.63 0.31 -0.31 0.82 -0.82
0.375 0.35 0.4 22.1 0.32 -0.32 0.67 -0.67
0.42500000000000004 0.4 0.45 15.6 0.32 -0.32 0.49 -0.49
0.475 0.45 0.5 15.1 0.34 -0.34 0.48 -0.48
0.55 0.5 0.6 11.77 0.25 -0.25 0.4 -0.4
0.6499999999999999 0.6 0.7 8.9 0.26 -0.26 0.33 -0.33
0.75 0.7 0.8 6.47 0.28 -0.28 0.29 -0.29
0.9 0.8 1 4.75 0.22 -0.22 0.29 -0.29
