#$\Delta r$ $\Delta r$ LOW $\Delta r$ HIGH $P(\Delta r)_{\text{PbPb}}/P(\Delta r)_{\text{pp}}$ stat + stat - sys + sys -
0.025 0 0.05 1.0164 0.0646 -0.0646 0.0086 -0.0086
0.07500000000000001 0.05 0.1 0.9491 0.0452 -0.0452 0.0072 -0.0072
0.125 0.1 0.15 0.9162 0.0357 -0.0357 0.0055 -0.0055
0.175 0.15 0.2 0.9867 0.0385 -0.0385 0.0067 -0.0067
0.225 0.2 0.25 1.1106 0.0443 -0.0443 0.0088 -0.0088
0.275 0.25 0.3 1.261 0.053 -0.053 0.012 -0.012
0.32499999999999996 0.3 0.35 1.434 0.063 -0.063 0.016 -0.016
0.375 0.35 0.4 1.65 0.077 -0.077 0.024 -0.024
0.42500000000000004 0.4 0.45 1.639 0.079 -0.079 0.034 -0.034
0.475 0.45 0.5 1.599 0.08 -0.08 0.038 -0.038
0.55 0.5 0.6 1.662 0.089 -0.089 0.036 -0.036
0.6499999999999999 0.6 0.7 1.771 0.104 -0.104 0.052 -0.052
0.75 0.7 0.8 1.912 0.126 -0.126 0.074 -0.074
0.9 0.8 1 1.93 0.161 -0.161 0.082 -0.082
