#$\Delta r$ $\Delta r$ LOW $\Delta r$ HIGH $P(\Delta r)_{\text{PbPb}}/P(\Delta r)_{\text{pp}}$ stat + stat - sys + sys -
0.025 0 0.05 1.053 0.067 -0.067 0.022 -0.022
0.07500000000000001 0.05 0.1 0.996 0.045 -0.045 0.015 -0.015
0.125 0.1 0.15 0.9555 0.0371 -0.0371 0.0058 -0.0058
0.175 0.15 0.2 0.9844 0.0377 -0.0377 0.0067 -0.0067
0.225 0.2 0.25 1.0425 0.0405 -0.0405 0.0083 -0.0083
0.275 0.25 0.3 1.131 0.045 -0.045 0.011 -0.011
0.32499999999999996 0.3 0.35 1.2 0.05 -0.05 0.014 -0.014
0.375 0.35 0.4 1.324 0.057 -0.057 0.021 -0.021
0.42500000000000004 0.4 0.45 1.346 0.058 -0.058 0.028 -0.028
0.475 0.45 0.5 1.366 0.059 -0.059 0.032 -0.032
0.55 0.5 0.6 1.39 0.062 -0.062 0.029 -0.029
0.6499999999999999 0.6 0.7 1.414 0.068 -0.068 0.042 -0.042
0.75 0.7 0.8 1.398 0.078 -0.078 0.06 -0.06
0.9 0.8 1 1.444 0.107 -0.107 0.066 -0.066
