#$\Delta r$ $\Delta r$ LOW $\Delta r$ HIGH $P(\Delta r)_{\text{PbPb}}/P(\Delta r)_{\text{pp}}$ stat + stat - sys + sys -
0.025 0 0.05 1.053 0.067 -0.067 0.022 -0.022
0.07500000000000001 0.05 0.1 0.993 0.046 -0.046 0.016 -0.016
0.125 0.1 0.15 0.94 0.0386 -0.0386 0.0061 -0.0061
0.175 0.15 0.2 0.9515 0.04 -0.04 0.0071 -0.0071
0.225 0.2 0.25 0.977 0.0428 -0.0428 0.0088 -0.0088
0.275 0.25 0.3 1.026 0.047 -0.047 0.012 -0.012
0.32499999999999996 0.3 0.35 1.06 0.051 -0.051 0.014 -0.014
0.375 0.35 0.4 1.119 0.056 -0.056 0.021 -0.021
0.42500000000000004 0.4 0.45 1.058 0.051 -0.051 0.028 -0.028
0.475 0.45 0.5 1.07 0.051 -0.051 0.032 -0.032
0.55 0.5 0.6 1.009 0.049 -0.049 0.028 -0.028
0.6499999999999999 0.6 0.7 0.993 0.051 -0.051 0.038 -0.038
0.75 0.7 0.8 0.968 0.057 -0.057 0.054 -0.054
0.9 0.8 1 0.938 0.073 -0.073 0.058 -0.058
