#$\Delta r$ $\Delta r$ LOW $\Delta r$ HIGH $P(\Delta r)_{\text{PbPb}}/P(\Delta r)_{\text{pp}}$ stat + stat - sys + sys -
0.025 0 0.05 1.055 0.073 -0.073 0.024 -0.024
0.07500000000000001 0.05 0.1 0.976 0.057 -0.057 0.022 -0.022
0.125 0.1 0.15 0.859 0.044 -0.044 0.01 -0.01
0.175 0.15 0.2 0.831 0.043 -0.043 0.013 -0.013
0.225 0.2 0.25 0.78 0.042 -0.042 0.017 -0.017
0.275 0.25 0.3 0.767 0.045 -0.045 0.024 -0.024
0.32499999999999996 0.3 0.35 0.721 0.044 -0.044 0.025 -0.025
0.375 0.35 0.4 0.687 0.044 -0.044 0.032 -0.032
0.42500000000000004 0.4 0.45 0.744 0.044 -0.044 0.049 -0.049
0.475 0.45 0.5 0.743 0.043 -0.043 0.054 -0.054
0.55 0.5 0.6 0.69 0.043 -0.043 0.043 -0.043
0.6499999999999999 0.6 0.7 0.652 0.048 -0.048 0.049 -0.049
0.75 0.7 0.8 0.709 0.066 -0.066 0.069 -0.069
0.9 0.8 1 0.733 0.098 -0.098 0.071 -0.071
