#$\Delta r$ $\Delta r$ LOW $\Delta r$ HIGH $P(\Delta r)_{\text{PbPb}}/P(\Delta r)_{\text{pp}}$ stat + stat - sys + sys -
0.025 0 0.05 1.0159 0.0703 -0.0703 0.0093 -0.0093
0.07500000000000001 0.05 0.1 0.906 0.057 -0.057 0.01 -0.01
0.125 0.1 0.15 0.7383 0.0377 -0.0377 0.0089 -0.0089
0.175 0.15 0.2 0.709 0.038 -0.038 0.012 -0.012
0.225 0.2 0.25 0.661 0.037 -0.037 0.015 -0.015
0.275 0.25 0.3 0.603 0.037 -0.037 0.021 -0.021
0.32499999999999996 0.3 0.35 0.463 0.028 -0.028 0.015 -0.015
0.375 0.35 0.4 0.474 0.03 -0.03 0.022 -0.022
0.42500000000000004 0.4 0.45 0.458 0.028 -0.028 0.03 -0.03
0.475 0.45 0.5 0.457 0.027 -0.027 0.034 -0.034
0.55 0.5 0.6 0.529 0.032 -0.032 0.029 -0.029
0.6499999999999999 0.6 0.7 0.487 0.033 -0.033 0.036 -0.036
0.75 0.7 0.8 0.517 0.045 -0.045 0.051 -0.051
0.9 0.8 1 0.624 0.075 -0.075 0.053 -0.053
