#$\Delta r$ $\Delta r$ LOW $\Delta r$ HIGH $P(\Delta r)_{\text{PbPb}}/P(\Delta r)_{\text{pp}}$ stat + stat - sys + sys -
0.025 0 0.05 1.0155 0.0647 -0.0647 0.0086 -0.0086
0.07500000000000001 0.05 0.1 0.9413 0.0459 -0.0459 0.0073 -0.0073
0.125 0.1 0.15 0.8851 0.0368 -0.0368 0.0056 -0.0056
0.175 0.15 0.2 0.9239 0.0397 -0.0397 0.0069 -0.0069
0.225 0.2 0.25 0.982 0.0442 -0.0442 0.0088 -0.0088
0.275 0.25 0.3 1.055 0.05 -0.05 0.012 -0.012
0.32499999999999996 0.3 0.35 1.113 0.056 -0.056 0.015 -0.015
0.375 0.35 0.4 1.222 0.064 -0.064 0.022 -0.022
0.42500000000000004 0.4 0.45 1.121 0.058 -0.058 0.03 -0.03
0.475 0.45 0.5 1.115 0.059 -0.059 0.034 -0.034
0.55 0.5 0.6 1.048 0.056 -0.056 0.03 -0.03
0.6499999999999999 0.6 0.7 1.048 0.06 -0.06 0.044 -0.044
0.75 0.7 0.8 1.087 0.069 -0.069 0.063 -0.063
0.9 0.8 1 1.13 0.088 -0.088 0.067 -0.067
