1.29 1 1.58 3.42353 0.104788 -0.104788 0.29912 -0.293644
2.045 1.58 2.51 2.28653 0.0445782 -0.0445782 0.0868509 -0.0880588
3.245 2.51 3.98 1.31736 0.0159778 -0.0159778 0.0160033 -0.0406418
5.145 3.98 6.31 0.660619 0.00622523 -0.00622523 0.0117683 -0.0175032
8.155 6.31 10 0.330278 0.00321067 -0.00321067 0.0091014 -0.0088856
12.925 10 15.85 0.169203 0.00180554 -0.00180554 0.00395975 -0.00569069
20.485 15.85 25.12 0.0803941 0.000979756 -0.000979756 0.00191105 -0.00355051
32.465 25.12 39.81 0.0326484 0.000490543 -0.000490543 0.00106788 -0.00158173
51.45 39.81 63.09 0.0106063 0.000219521 -0.000219521 0.000380195 -0.000751716
81.545 63.09 100 0.00270167 8.6458e-05 -8.6458e-05 8.80032e-05 -0.000181707
