1.29 1 1.58 2.02407 0.0154907 -0.0154907 0.0223863 -0.0241042
2.045 1.58 2.51 1.59139 0.0107318 -0.0107318 0.0162705 -0.0170994
3.245 2.51 3.98 1.11964 0.00711583 -0.00711583 0.0117438 -0.0124414
5.145 3.98 6.31 0.72321 0.00452222 -0.00452222 0.00683077 -0.00723412
8.155 6.31 10 0.436253 0.00277697 -0.00277697 0.00463815 -0.00523663
12.925 10 15.85 0.22795 0.00159361 -0.00159361 0.00276781 -0.00294683
20.485 15.85 25.12 0.108973 0.000874814 -0.000874814 0.00121119 -0.0015167
32.465 25.12 39.81 0.0450789 0.000446471 -0.000446471 0.000690923 -0.000916183
51.45 39.81 63.09 0.0158892 0.000210046 -0.000210046 0.000429238 -0.000561254
81.545 63.09 100 0.00414813 8.51556e-05 -8.51556e-05 0.00013289 -0.000138675
129.245 100 158.49 0.000761116 2.8825e-05 -2.8825e-05 4.67446e-05 -4.27909e-05
