1.29 1 1.58 2.8812 0.105654 -0.105654 0.205751 -0.0770914
2.045 1.58 2.51 2.01182 0.0489636 -0.0489636 0.0682085 -0.0470299
3.245 2.51 3.98 1.18191 0.0217071 -0.0217071 0.0130004 -0.0228482
5.145 3.98 6.31 0.671041 0.0111884 -0.0111884 0.0102132 -0.0213435
8.155 6.31 10 0.35231 0.0062471 -0.0062471 0.00501149 -0.0103108
12.925 10 15.85 0.177175 0.003495 -0.003495 0.00395477 -0.00419891
20.485 15.85 25.12 0.0893473 0.00196088 -0.00196088 0.00238345 -0.00338485
32.465 25.12 39.81 0.0359657 0.000984479 -0.000984479 0.000827465 -0.00141982
51.45 39.81 63.09 0.0112692 0.000432848 -0.000432848 0.000342585 -0.000485106
81.545 63.09 100 0.00269375 0.000166366 -0.000166366 0.000179471 -0.00016033
