#pT [GEV],pT [GEV] LOW,pT [GEV] HIGH,D(pT),stat +,stat -,sys +,sys -
1.1659000000000002 1 1.3318 1.97557 0.00306346 -0.00306346 0.029377 -0.0299065
1.5538 1.3318 1.7758 1.73319 0.00246853 -0.00246853 0.0236561 -0.0247599
2.07175 1.7758 2.3677 1.43136 0.00192972 -0.00192972 0.0180545 -0.017805
2.7622999999999998 2.3677 3.1569 1.14879 0.0014893 -0.0014893 0.01349 -0.0134379
3.6830499999999997 3.1569 4.2092 0.879101 0.00112248 -0.00112248 0.00968691 -0.0102739
4.91075 4.2092 5.6123 0.647786 0.000832351 -0.000832351 0.00731556 -0.0076743
6.547700000000001 5.6123 7.4831 0.459612 0.00060592 -0.00060592 0.00603347 -0.00576834
8.7303 7.4831 9.9775 0.31225 0.000431366 -0.000431366 0.00386682 -0.00396871
11.6404 9.9775 13.3033 0.201602 0.00029992 -0.00029992 0.00296301 -0.00289436
15.5205 13.3033 17.7377 0.123933 0.000203545 -0.000203545 0.00273121 -0.00259142
20.694000000000003 17.7377 23.6503 0.0714387 0.00013352 -0.00013352 0.00146509 -0.00135164
27.592 23.6503 31.5337 0.0382304 8.44887e-05 -8.44887e-05 0.00110606 -0.000987493
36.7893 31.5337 42.0449 0.0185281 5.08508e-05 -5.08508e-05 0.000651322 -0.000621966
49.0524 42.0449 56.0599 0.0081277 2.90357e-05 -2.90357e-05 0.000324513 -0.000361405
65.40325 56.0599 74.7466 0.00302852 1.52524e-05 -1.52524e-05 0.000203485 -0.000183104
87.20435 74.7466 99.6621 0.000913707 7.22211e-06 -7.22211e-06 8.86768e-05 -8.49772e-05
