1.29 1 1.58 3.70295 0.165473 -0.165473 0.303362 -0.303185
2.045 1.58 2.51 2.49455 0.0703373 -0.0703373 0.10529 -0.108214
3.245 2.51 3.98 1.35461 0.0256493 -0.0256493 0.0197352 -0.0246156
5.145 3.98 6.31 0.686805 0.0107272 -0.0107272 0.00736216 -0.0114617
8.155 6.31 10 0.354846 0.0057822 -0.0057822 0.00411119 -0.0111743
12.925 10 15.85 0.187839 0.00329956 -0.00329956 0.00296835 -0.00303231
20.485 15.85 25.12 0.0906415 0.00181934 -0.00181934 0.00131088 -0.00244618
32.465 25.12 39.81 0.0414414 0.000969777 -0.000969777 0.000572608 -0.00192379
51.45 39.81 63.09 0.0157661 0.000471855 -0.000471855 0.000459486 -0.000742118
81.545 63.09 100 0.00444415 0.000195274 -0.000195274 0.000122926 -0.000261997
129.245 100 158.49 0.00102464 7.37422e-05 -7.37422e-05 7.2451e-05 -6.54102e-05
