1.29 1 1.58 2.01068 0.0051866 -0.0051866 0.0311117 -0.0304611
2.045 1.58 2.51 1.54204 0.00356039 -0.00356039 0.0205194 -0.0196635
3.245 2.51 3.98 1.04738 0.00231982 -0.00231982 0.0124662 -0.0127009
5.145 3.98 6.31 0.64716 0.00144376 -0.00144376 0.00615437 -0.00615946
8.155 6.31 10 0.362945 0.000855796 -0.000855796 0.003499 -0.0045001
12.925 10 15.85 0.178587 0.000476042 -0.000476042 0.00227285 -0.00213386
20.485 15.85 25.12 0.074927 0.000244442 -0.000244442 0.00199476 -0.00179832
32.465 25.12 39.81 0.0262279 0.000114454 -0.000114454 0.000537958 -0.000612762
51.45 39.81 63.09 0.00678806 4.59618e-05 -4.59618e-05 0.000200343 -0.000251945
81.545 63.09 100 0.00111017 1.45223e-05 -1.45223e-05 8.61198e-05 -8.14656e-05
