1.29 1 1.58 3.11373 0.174467 -0.174467 0.378024 -0.0954742
2.045 1.58 2.51 2.06101 0.0811412 -0.0811412 0.0764603 -0.0801589
3.245 2.51 3.98 1.2564 0.0372033 -0.0372033 0.0690258 -0.0410093
5.145 3.98 6.31 0.708563 0.01964 -0.01964 0.0160237 -0.01716
8.155 6.31 10 0.398134 0.0113659 -0.0113659 0.00728392 -0.0163856
12.925 10 15.85 0.201094 0.0063839 -0.0063839 0.00443629 -0.00529439
20.485 15.85 25.12 0.0991635 0.00354181 -0.00354181 0.00116228 -0.00444714
32.465 25.12 39.81 0.0445045 0.00188472 -0.00188472 0.000750198 -0.00315106
51.45 39.81 63.09 0.0161788 0.000899954 -0.000899954 0.000536023 -0.000539258
81.545 63.09 100 0.00435257 0.000368455 -0.000368455 0.000204803 -0.000276508
129.245 100 158.49 0.00099895 0.000136345 -0.000136345 0.000116946 -6.83688e-05
