1.29 1 1.58 2.71483 0.0711951 -0.0711951 0.201572 -0.0941077
2.045 1.58 2.51 1.95883 0.0327761 -0.0327761 0.0793589 -0.0591001
3.245 2.51 3.98 1.11363 0.013624 -0.013624 0.0301456 -0.034631
5.145 3.98 6.31 0.597911 0.00657846 -0.00657846 0.0130261 -0.0133371
8.155 6.31 10 0.323989 0.00363888 -0.00363888 0.00775806 -0.0107052
12.925 10 15.85 0.157082 0.00198965 -0.00198965 0.00355844 -0.00492401
20.485 15.85 25.12 0.0707196 0.00105705 -0.00105705 0.00209415 -0.00276348
32.465 25.12 39.81 0.0258609 0.000503368 -0.000503368 0.000816846 -0.00100267
51.45 39.81 63.09 0.00764827 0.000212504 -0.000212504 0.000221469 -0.000344464
81.545 63.09 100 0.00145495 7.15233e-05 -7.15233e-05 0.000128317 -0.000114044
