1.29 1 1.58 3.20693 0.0723384 -0.0723384 0.319493 -0.306268
2.045 1.58 2.51 2.17836 0.030885 -0.030885 0.0913634 -0.0928062
3.245 2.51 3.98 1.19572 0.0103317 -0.0103317 0.021749 -0.0335677
5.145 3.98 6.31 0.595258 0.00365537 -0.00365537 0.0112021 -0.0171048
8.155 6.31 10 0.301279 0.00175874 -0.00175874 0.00733357 -0.00900934
12.925 10 15.85 0.148513 0.000965289 -0.000965289 0.00252896 -0.00430796
20.485 15.85 25.12 0.0680599 0.000518414 -0.000518414 0.00169367 -0.00300288
32.465 25.12 39.81 0.0256024 0.000250221 -0.000250221 0.000764814 -0.00115943
51.45 39.81 63.09 0.0074673 0.000105307 -0.000105307 0.000299009 -0.000404039
81.545 63.09 100 0.00149798 3.60594e-05 -3.60594e-05 0.000119078 -0.000123841
