1.29 1 1.58 2.02742 0.00875646 -0.00875646 0.0242183 -0.025558
2.045 1.58 2.51 1.54377 0.0059822 -0.0059822 0.0155003 -0.0171742
3.245 2.51 3.98 1.08241 0.00395229 -0.00395229 0.0132481 -0.0129459
5.145 3.98 6.31 0.685492 0.00248735 -0.00248735 0.00475618 -0.00575889
8.155 6.31 10 0.390014 0.00148864 -0.00148864 0.00387587 -0.00447059
12.925 10 15.85 0.200718 0.000846603 -0.000846603 0.00231104 -0.00309016
20.485 15.85 25.12 0.0921815 0.00045453 -0.00045453 0.0012035 -0.00129482
32.465 25.12 39.81 0.0356274 0.000223721 -0.000223721 0.000964757 -0.00100666
51.45 39.81 63.09 0.0107254 9.74189e-05 -9.74189e-05 0.000482702 -0.000384217
81.545 63.09 100 0.0023742 3.62559e-05 -3.62559e-05 0.000106181 -0.000138256
